4
4 8 7
1 10 3 4 13 11 5 16
1 5 9 10 4 13 16
3 7 8
1 7 5 4 8 3 9
1 4 3 5 6 2 8 9
1000 624 637
939 523 609 349 476 566 557 570 311 347 4 757 181 786 605 119 774 718 947 401 112 709 949 37 120 727 789 551 262 294 413 20 969 577 205 18 824 197 105 280 835 174 377 538 25 613 970 766 494 597 376 847 441 5 88 372 207 182 190 624 295 792 853 729 84 844 888 7 3 152 806 497 325 85 887 567 754 339 760 397 1 747 534 367 415 958 825 434 831 411 53 796 967 715 707 419 110 732 72 980 823 579 284 443 196 593 218 247 266 42 22 157 563 672 764 595 410 529 689 885 116 505 645 221 459 104 867 43 345 436 437 948 852 418 412 997 142 503 603 493 771 183 634 800 234 901 937 722 506 238 778 32 486 229 581 680 320 833 874 723 964 829 944 509 630 635 123 100 558 594 143 677 384 759 426 452 906 737 730 781 392 219 90 359 328 673 206 106 908 19 909 236 648 515 500 963 309 341 705 6 393 242 626 637 83 864 495 172 445 608 13 702 945 955 253 457 619 148 170 164 198 920 667 807 918 746 658 697 657 316 77 278 966 932 115 286 816 843 260 959 511 404 840 900 125 679 297 826 685 213 589 621 323 804 700 869 300 822 215 879 447 439 860 217 562 129 312 87 701 380 982 895 878 926 876 699 925 321 290 44 820 124 373 244 132 638 390 220 337 243 646 802 193 263 978 931 299 734 117 353 49 785 270 14 587 444 892 755 189 545 440 235 368 712 17 950 777 228 821 830 137 547 622 728 836 782 429 50 724 750 302 893 768 508 62 416 717 95 573 360 492 216 808 521 471 919 794 916 828 555 798 592 315 338 111 762 584 904 261 307 251 45 465 171 82 173 862 374 460 256 591 400 554 336 298 631 351 552 871 273 269 601 490 223 858 187 194 277 814 618 23 224 936 600 599 335 348 31 738 167 873 352 641 379 733 856 535 478 779 461 643 941 891 676 403 678 65 130 121 837 914 565 176 819 24 166 479 787 809 902 687 274 289 63 965 233 391 740 913 973 248 304 285 507 92 327 114 935 329 0 303 432 293 974 912 975 656 977 987 952 719 276 425 669 540 839 29 877 499 332 993 96 89 163 489 647 275 405 748 946 118 210 64 99 818 399 101 984 625 720 16 477 55 30 838 897 704 264 103 169 519 692 272 333 279 420 753 590 985 60 991 150 889 370 485 91 575 180 883 491 627 257 331 450 568 742 655 122 693 663 354 113 462 801 536 767 632 651 513 855 226 857 385 915 990 136 817 212 21 537 361 188 52 832 225 921 956 41 659 999 953 776 475 74 326 951 454 8 933 674 899 525 664 698 644 735 615 988 642 560 684 73 287 357 749 344 998 571 155 313 596 322 128 934 769 11 306 574 39 301 850 795 620 473 145 245 395 518 882 378 165 446 731 650 501 86 741 305 911 81 70 414 588 783
699 104 138 483 388 389 865 60 496 639 421 778 707 13 274 868 877 682 850 29 133 124 157 907 94 889 164 746 665 165 741 57 963 785 108 788 245 282 114 500 581 34 795 254 428 749 141 308 735 674 978 224 447 239 666 480 410 26 766 402 95 61 293 200 323 175 176 712 509 894 263 773 504 472 30 637 375 626 312 870 600 895 336 3 242 143 584 335 882 196 339 781 183 261 516 398 393 201 543 9 41 636 273 301 213 981 343 252 523 423 887 808 729 972 716 316 49 615 493 467 132 750 990 36 249 706 911 722 192 463 552 198 912 518 538 836 481 515 759 340 738 871 425 171 185 427 896 482 210 383 984 680 163 753 969 779 762 457 101 908 332 223 112 613 618 994 853 33 489 607 575 91 404 148 365 391 174 32 219 226 932 684 768 557 996 405 804 324 940 285 27 964 135 522 431 973 416 536 916 241 438 74 433 361 18 5 886 744 731 462 88 747 902 642 307 689 998 704 77 737 318 995 50 734 578 573 277 755 893 195 703 502 862 671 287 443 525 941 498 271 974 202 384 253 217 134 19 713 851 466 677 374 231 961 46 93 45 246 12 844 947 331 1 305 75 991 437 926 485 90 824 566 710 672 585 270 765 452 588 623 461 128 742 313 59 891 147 743 690 852 495 900 359 298 65 858 662 859 62 338 115 22 177 652 825 872 511 122 155 63 450 519 473 890 876 80 630 691 116 927 82 960 321 492 582 512 283 774 86 146 325 764 109 401 860 169 624 739 6 84 345 72 44 21 197 953 304 651 683 151 517 362 52 948 572 756 698 688 371 884 602 424 167 797 580 170 965 497 569 957 810 790 897 751 380 240 139 514 648 723 474 829 434 605 567 568 144 982 821 513 539 818 867 993 812 595 475 353 397 342 934 721 69 587 570 350 909 645 883 533 140 541 856 534 14 828 102 81 468 558 330 816 419 363 123 354 464 589 278 204 726 184 189 650 180 55 264 616 281 441 955 364 381 453 149 971 657 951 823 269 848 696 127 986 7 676 792 857 586 571 830 608 938 153 798 633 209 574 594 601 928 96 660 970 429 687 161 117 303 794 70 786 875 555 949 540 110 967 256 837 604 901 292 448 987 554 985 770 653 931 310 487 565 276 658 208 286 728 349 137 203 150 621 718 752 328 289 763 814 614 638 92 181 701 212 561 802 939 914 8 279 817 435 917 878 130 959 776 351 956 190 789 697 885 820 267 839 641 344 152 455 445 37 510 216 634 733 199 136 297 843 822 577 508 943 935 255 501 782 761 950 903 892 527 284 866 395 357 99 234 757 629 131 560 373 98 159 780 236 681 103 294 89 341 367 432 126 760 100 643 711 646 31 806 125 160 458 668 11 111 952 214 370 309 663 606 918 417 562 439 145 725 414 188 598 23 685 119 563 537 446 714 583 556 2 326 440
10000 6315 6328
8405 4789 209 4162 3439 3288 3939 345 1455 8909 5111 5295 4900 9447 3896 6212 9035 1628 8364 5265 3816 3454 9051 6990 1368 6069 6005 1812 1673 9715 9547 2733 1398 7881 3283 9875 5957 7990 6114 2170 9679 5913 2851 9796 7986 2889 3658 852 4486 8084 5926 5519 1075 7194 9220 1806 6267 8878 2447 2790 5627 9038 3739 3410 3945 2171 87 7011 4064 9066 5025 1938 3861 4130 456 8108 6750 783 3559 2019 9826 9735 7694 8158 2868 1295 9881 9954 1868 5186 9493 4315 5407 4032 3633 3469 2370 7468 4415 2362 9166 1064 4611 8591 5313 8747 5445 5792 6523 4674 5317 9200 2635 2307 3761 9471 6519 6907 8538 8541 9516 5671 7720 1986 8467 2396 6540 1869 9007 9723 6372 1102 1632 463 7467 1881 3853 2801 2351 8892 9978 35 5512 2901 4817 411 5700 3438 3449 8159 8207 1620 5076 523 7874 987 4920 6917 2426 2590 9856 9120 9524 5397 4893 3926 9689 6967 4371 5392 9936 7001 1441 2131 1346 8565 2220 7232 4574 9005 6448 9236 9468 3002 5427 4073 949 6084 1006 5572 4374 1778 3218 5197 6388 1480 6259 3981 7731 6853 7712 3748 7110 6818 4774 8412 6501 9228 920 3036 2828 6330 6392 1575 5735 6525 4921 9445 6390 6667 1933 9027 4640 2497 7760 9165 6042 1195 6998 2267 5904 9498 3060 7120 8205 5569 7838 4106 6867 8075 8761 8307 3796 5635 2375 1604 3595 514 2397 859 3444 9412 8982 607 3091 8662 8682 6119 2144 1983 8416 7264 4022 820 9594 394 4387 4202 895 4961 8700 2489 9310 2691 5769 6585 3384 786 3159 2977 1496 4193 2279 7976 249 5842 7474 9914 6909 5237 2705 4799 8579 6277 9566 1184 9884 7697 5973 1765 9809 7038 2689 3876 6702 5754 1830 9997 5480 3400 9354 778 7243 3266 7814 3287 3133 1470 3787 5192 4752 794 5591 8211 4191 5610 5791 4559 4497 4436 6707 8443 2767 2857 3475 5696 1998 424 1524 2455 9329 4830 4281 8493 997 4947 9933 3601 3856 6551 4852 1431 1710 8142 7852 5170 6952 9759 7831 3203 2751 5294 5997 5787 7633 9359 7229 9768 1230 3541 2003 1017 496 7051 3975 6156 6630 585 3526 6709 465 131 7130 3473 7613 2173 1801 6291 6285 5001 4743 1174 4229 2469 7678 9033 9018 8772 4903 6431 9668 1491 6992 2301 5918 9863 6589 3290 5068 8927 5239 1776 3193 9509 5900 1707 8846 1702 7122 3596 5046 4590 5529 2284 4634 7103 6011 1138 2553 3721 5984 1505 2841 7007 2286 6308 76 9095 2657 6699 4894 9786 727 7470 6977 4333 2103 7674 5656 4849 659 6343 9644 1543 5131 3670 3308 4404 1387 7506 6432 2703 1314 9233 3033 7340 6374 9968 6761 9378 3635 8749 3712 5370 837 1588 4276 3189 8667 6746 2158 8756 3139 5772 9985 4725 7972 8026 5942 1623 6725 2306 1130 9478 5100 8373 7198 1057 268 4078 5820 4107 68 3649 2255 1397 5740 1539 6858 968 3497 6846 4491 7770 4041 4855 7510 663 1357 1747 2156 7118 9440 3455 8110 3801 3543 3977 956 2612 4614 5786 8999 7740 552 1327 5241 7197 892 8010 3376 5367 2970 5550 9752 6394 1033 5363 9049 9069 6136 1385 4969 7398 8592 2587 1027 1518 2574 3486 3702 9595 6689 3479 6534 3867 5441 3848 8558 5351 21 2136 7246 4906 3786 3123 31 2095 9937 8103 5819 3205 7963 8402 300 3842 5287 6993 7102 4650 1798 3696 1835 1965 9645 553 2856 9110 3271 4618 2167 5794 7631 2591 2293 2389 8288 9152 5090 6706 5872 2976 233 5595 5089 967 9254 3602 1923 2109 814 5266 8246 4285 4220 2753 7583 6144 7530 4171 5021 3558 3927 7575 5153 4248 9205 378 7155 4731 8180 1976 2519 7692 9403 9579 390 8355 8923 48 9070 9194 8608 6451 3145 4180 8884 7421 3348 7987 373 2538 1146 7409 9379 1325 1904 339 4605 5594 9785 5155 7870 731 1224 1008 8253 503 6599 6047 1278 2626 7809 5074 9212 4407 7030 5391 6912 6265 1766 9148 7394 6152 8792 3512 4114 3235 9472 2882 9261 6926 8689 7391 5540 2143 4313 4868 5189 2777 8035 7836 9020 4208 2216 1752 9425 4112 6346 1959 7087 9154 5023 594 4444 440 2816 2772 2097 9950 947 7439 4796 7501 9333 4998 2305 393 7621 5031 3333 467 8976 328 2965 625 9565 371 8954 6404 2390 1429 3521 1656 9304 3420 808 9268 1005 2692 1737 3698 5506 2860 256 2735 7358 8178 879 7073 5750 2149 1666 7752 8627 5451 3054 2467 9843 7988 2423 8867 554 8407 796 8868 3121 162 3731 2068 1249 125 7137 1030 5042 7857 1349 6168 4254 6779 696 3660 5009 7081 3229 4014 9401 1056 6113 1004 819 6755 4063 3493 4420 310 4323 9696 4635 4644 9326 410 7683 6504 5796 8345 5268 6083 4682 4763 2493 2508 6999 4637 1570 8104 24 8544 3087 6564 2987 8507 1729 5730 5779 1749 5382 9384 1555 6157 2471 7729 672 4740 3213 3477 8066 8261 5505 2367 254 2336 1329 5994 5175 5482 6093 8065 6544 145 9157 6389 81 3628 9848 3594 6275 5181 104 7716 6172 287 9380 5873 4679 5356 6249 3471 601 1528 4034 8331 8925 5874 6600 5778 983 5565 9279 8804 8094 4935 1237 511 4978 4113 3391 2904 3754 1336 187 3289 6800 1837 6838 8223 5631 6561 8663 9899 4871 6247 6568 5386 494 3954 7744 7943 9249 6479 539 5385 2328 2431 5639 9222 8890 1606 3903 6110 505 6205 4300 4888 8338 9469 9263 4503 8528 6304 3756 5285 5702 9539 1319 155 6546 4792 223 4518 152 5154 5962 7479 7984 7492 7088 8254 1434 8674 5568 7705 1339 9048 8634 9610 3162 428 7872 8951 4450 7283 9577 4042 9108 7832 5033 161 6609 9276 777 3257 6468 9803 2783 7679 2179 9677 4648 5737 865 9231 3718 7514 1880 2861 263 2040 326 9789 3489 3461 8265 4780 5123 9754 2042 6955 2175 2445 8936 592 9709 9203 4368 984 1684 4820 9286 3185 2607 8195 0 6010 8179 7567 3262 129 8378 8963 1930 5640 8537 2858 1569 6463 6804 8738 3537 7036 7950 105 5989 4050 3932 1250 1333 4474 875 9131 6142 4942 1751 9170 4215 8702 2546 6497 3274 4311 4917 57 8540 6920 191 4609 4332 446 6587 3188 1791 6740 220 7004 5457 9903 2768 7014 1571 6123 1718 7995 6741 3936 769 5838 3545 4801 3463 1640 1421 4827 4010 5560 7859 5510 7542 1338 2496 2091 832 8151 9929 1206 8902 1240 6626 9449 1141 5771 5679 2501 9576 3468 7498 8442 3727 4899 6264 2959 7714 5691 2124 3210 7735 2669 5413 5372 4318 7550 8568 697 9654 4317 3967 9592 5495 4418 3818 9729 7742 1015 6188 598 3561 45 9820 150 847 4507 8 5305 9570 6945 8914 1907 9197 3922 3840 7768 7093 7043 7228 1708 3186 7435 3882 2552 4213 1225 260 6290 1126 3542 8481 4184 136 5185 8198 3986 1804 1642 6456 7519 1675 5304 6273 9886 7614 5587 1308 9980 2709 6834 9299 3604 2198 2451 5233 5450 1116 4401 8434 9814 5163 4694 3599 143 7080 4101 4733 3105 8406 4991 998 464 4804 1394 4170 6826 7026 2680 7359 9168 2702 681 2197 6886 8693 9216 7938 3363 1498 2815 7561 4127 3525 2273 4995 8090 3362 1887 6694 9396 4247 3994 3093 2929 6424 961 702 8350 1903 3014 7101 5623 441 2398 5600 970 5597 4756 6191 2363 1664 7548 3077 2967 9897 4788 1362 919 1614 2020 295 2303 6085 9632 1379 382 2034 1317 5818 3085 4546 2655 2433 1727 3797 332 3070 8926 934 2304 6670 4955 2994 7422 3179 9702 2379 5012 747 3807 5395 3799 3613 1257 3301 6183 649 2383 7790 8361 4688 1681 815 913 5915 8955 2690 911 7914 151 633 4926 9617 4198 2550 9540 5955 4884 757 9846 8043 2842 2561 1 8216 1695 2142 1245 4874 8837 255 3402 2021 2948 6201 8944 1934 4414 8830 824 5850 615 7146 6996 8139 8781 1478 148 7285 8656 8327 7107 6793 9086 5173 3319 9059 3639 5903 6120 5136 5718 8370 9187 7879 5164 9664 9974 1002 9609 2809 1493 3621 3683 8488 5274 8920 4245 4668 5159 4499 366 7776 8455 7652 5734 8939 2764 5219 4862 9093 4951 384 8782 5851 3887 4651 1918 8858 7355 4840 8808 6209 4253 1304 7515 7723 267 4907 8485 9795 4775 1241 9246 7866 4490 3888 5934 918 2609 2331 1188 2378 8785 6728 4802 9099 9817 5452 9889 5230 9943 8260 2064 829 4125 3332 959 5711 668 6148 2660 5409 6591 5078 1411 7690 7354 6269 5959 639 7252 4541 4760 9177 2559 9944 9437 6459 9185 7833 2798 5432 9303 4196 3206 5770 1487 4389 5364 2512 5166 2206 439 5693 1390 7382 8736 1424 8363 1784 4362 643 2840 7189 7219 4844 301 6619 891 4095 9624 5020 1303 6284 5122 6412 8894 6861 8341 6782 337 3488 7645 566 6154 9244 1406 7230 9590 9623 7273 2759 342 2615 1181 2083 9156 7664 6020 9113 4667 4979 4375 5371 9272 9450 5625 405 2873 4448 9845 1356 8511 5561 9360 8668 8706 9057 3984 773 1222 9546 8064 4165 7024 83 4065 4672 1627 4621 3039 7123 471 8545 3324 4617 9259 2643 9031 7395 1193 4356 4190 4347 9767 3930 8062 9607 7981 5805 65 1844 8787 4290 6773 3411 1694 1501 4628 8201 7951 688 3673 4358 5135 1477 3643 4343 5513 6096 3096 3711 7308 3315 3051 2727 569 5460 5979 1167 8942 4784 573 8427 4959 6012 5308 1371 2875 7338 664 2314 5475 1313 2876 4901 2329 3303 7745 9773 6658 7794 5417 5472 6329 2359 5674 774 1949 7282 5133 4770 3668 9190 1609 9009 2665 6984 2315 6271 1552 277 2035 546 9711 458 3007 7325 1251 2529 3567 4555 4102 678 5535 6757 1549 1532 5158 3374 5061 3857 9975 3626 1553 2674 100 8247 5709 9115 4943 9870 1127 3785 3830 9163 3576 4201 5494 3247 8885 6423 2510 9348 487 5278 5498 3988 1324 2909 2227 482 5282 7027 7858 3904 7089 6770 8432 3697 167 9039 8744 8696 3746 8864 9651 8790 3456 6410 2671 6509 3938 9221 169 822 543 2608 293 9550 666 2444 8259 9940 9319 2357 9382 1202 9972 624 489 7638 3187 6552 3345 978 2576 953 1700 5003 8559 4534 5815 9029 821 3723 8521 7789 4070 910 9036 5547 6556 1817 7104 9996 8677 3951 9169 3773 4203 9984 6040 153 9328 2188 9698 1559 6768 1871 1582 2369 1992 7035 8267 4264 680 3151 2598 5328 8092 9218 9040 2239 2923 1560 6914 976 1070 2404 8570 3300 1688 6987 1567 5099 1029 5223 3483 4365 8050 7269 9585 7227 7651 5038 8148 6063 7824 8384 8376 7216 8400 9832 3284 8665 2012 1926 6695 1416 5355 9586 4084 3893 5399 855 2740 7856 8454 1355 2624 9314 9761 9748 1525 6025 5461 1164 5601 3645 860 7639 4805 468 4211 806 3666 9964 5490 1589 6208 2372 4992 7592 8266 561 396 7041 6127 1540 6535 2592 9959 4037 8424 889 8827 333 9214 4228 9854 8303 9815 3381 2896 691 4554 7373 2921 8482 2323 3407 2288 4576 8912 3744 7656 1471 3285 1125 8959 95 950 9459 5653 1321 9349 9418 653 3730 7204 8776 432 9201 6882 2015 4712 7369 6806 4753 1291 2716 2002 9363 6553 6538 4122 2630 3878 1446 4811 5466 9872 8783 4968 8428 9924 3245 5398 2424 1910 9683 7371 8436 894 5121 7418 3020 9402 1719 7151 1824 2081 6319 5352 2544 5744 5354 5275 4565 646 2417 1298 8687 2452 4984 56 9300 5948 1016 8857 2347 8023 7625 5827 4425 2482 7082 4012 3692 8163 2555 3079 8833 5298 8196 7248 2339 4520 6499 2392 8967 8058 1209 9655 9960 9293 413 2697 1833 5624 1001 1601 4192 3879 4604 2812 641 2151 4544 2954 3701 4692 2551 8765 3820 7693 23 8546 2459 5542 5316 4956 4630 9716 8334 8263 5034 6505 574 9905 6937 4966 1151 289 5129 1316 5665 3671 2713 9171 8557 5810 9265 7078 6370 112 6606 8737 8722 6013 9858 3997 6484 3511 2128 5145 5783 8388 7889 613 85 6320 1310 8698 7466 6635 8983 848 1670 7178 6014 9181 178 3304 8255 7804 4088 1217 7829 7703 7200 8154 5300 3774 4143 1530 2520 4515 7179 7680 1520 7419 4552 2714 8423 262 7063 8502 3808 1284 7558 4549 4647 7505 7066 3771 6855 2387 4783 9512 1360 7458 5312 3675 6897 9935 2654 844 7336 4808 2174 7094 8518 2621 6006 3501 1247 5410 1160 469 5637 1054 5613 9908 9102 1104 734 1635 4380 2368 6325 3838 4755 7756 7208 6775 5662 1450 7062 3326 7223 6316 739 9519 3161 6647 4989 5325 1342 8918 8403 8816 3737 4714 6044 9621 1176 6211 7763 363 9895 6376 4748 5092 9593 8229 3684 7267 8748 9738 5172 4241 4403 9634 3006 9787 1212 3297 513 6813 9420 2969 5000 1849 470 5085 8027 9909 2517 8607 8107 1481 4986 51 6766 1936 1326 6363 7478 4339 2287 1077 5044 6723 7482 5968 3669 3276 1158 4539 9876 1062 7295 5418 4337 3204 5546 33 8527 1318 9614 8182 8248 3116 7706 3678 9828 1459 297 2411 4911 4990 6281 7287 9433 8695 179 6009 1721 5739 62 916 5228 1489 5 2202 2991 4340 2057 5079 9422 8258 5353 3957 8301 8078 59 7926 6254 3961 2830 9599 8984 922 5748 4818 2199 3789 1157 4091 1660 6493 4309 8291 3699 6898 8981 9085 8102 5530 5260 9497 1878 6637 459 3821 8678 4246 2663 7201 4463 8903 6896 2115 7278 42 1322 7047 5963 3738 6799 1846 1013 9695 5814 1108 1901 8122 3005 4577 8368 7606 362 1599 5004 7472 6023 6090 3190 5673 3491 9098 7109 1783 2007 2676 484 1170 4553 2422 7356 3529 6251 4977 2661 8244 3137 4364 9532 3394 3915 2394 7028 6322 5229 2234 9963 7815 9890 6817 2932 2295 5812 5054 3763 7739 7607 5516 270 9323 9685 7927 360 236 4396 3269 8610 9942 1448 4996 4370 5592 6872 9302 3588 7083 5321 5890 5485 308 1602 6262 2618 3369 9076 9719 2381 1769 3102 9816 8457 5725 5837 9939 6644 5983 2181 5602 4929 3256 9357 7509 9892 5249 8116 1129 6001 2169 6890 1611 2395 5396 3674 3907 7205 834 5323 2484 9352 2527 8284 1153 5676 7497 9657 1211 1221 7948 3745 2152 635 5564 5126 1447 1662 8780 1652 481 2298 9104 5822 6246 2327 1810 7945 6133 7796 2736 3593 2309 9790 5039 5243 4988 2354 2569 2765 8227 5036 2541 7452 4586 905 1140 670 7904 6406 1293 7840 4021 3233 9184 8270 1985 2111 1093 4931 4641 9952 2914 8141 6174 3418 7675 7022 1484 726 2599 7054 4355 6338 1619 5303 5253 6664 7797 6417 6003 8802 2297 8379 7813 6440 5848 2717 4260 3125 3175 4475 5706 4602 4806 4363 6235 4589 9864 3254 6195 6930 6625 4508 4835 7236 7828 237 206 6641 6027 3638 2430 7657 839 6236 4624 5609 6652 9353 6839 5589 4814 2825 6146 5742 3331 399 1706 826 7999 1519 5497 9198 9670 2776 8264 3571 5916 9949 6496 8256 7411 8847 5281 70 6986 4615 4501 22 9138 6767 3694 7437 5289 3747 1683 9073 9919 4381 9527 3615 344 8615 6072 9266 2348 5252 426 6866 4568 8840 6940 7182 9999 6473 3451 4759 9619 9917 6015 5097 4701 134 6811 8371 9003 9981 8031 1746 4734 7960 7728 7034 370 843 5288 7172 5217 3582 3982 8217 9297 7668 6584 3713 2155 9239 3310 4453 754 7539 6408 3531 1851 791 6276 1921 2582 9408 4464 6017 4214 517 1730 8293 3252 8752 1911 7931 8581 2878 5120 5428 3646 6360 5723 7749 6467 4532 3972 4937 5868 5404 8085 8188 3208 2633 5898 9552 5222 4709 8344 9466 9998 4412 2532 2210 2249 2701 2651 3147 3397 938 5064 2123 8232 8399 6569 3641 2730 252 2432 8828 16 6803 7707 195 853 40 7545 2145 8900 2982 6615 7348 3913 6515 1096 7128 3476 7134 8675 1896 9301 5712 3225 1087 149 5430 9315 4047 8717 3118 3350 6324 8236 5331 1828 4115 7405 3580 5247 6117 2683 6327 4080 8755 4410 181 6840 5641 7604 2843 8947 8784 9742 4985 7447 4470 5650 5448 9474 4258 4727 9346 6337 3647 2429 4240 2105 8916 4594 7119 8233 8413 8458 5198 7263 1432 9121 1967 8713 2763 4864 6070 6859 7301 379 7401 2050 6617 5607 6938 9523 8290 1378 3506 6526 3419 6240 4024 9055 941 7042 1032 9101 451 3764 8811 6427 1269 3554 2073 9989 8598 3018 303 5638 5433 2093 4654 4163 6465 6034 6387 3457 4782 9543 8099 7843 8317 5871 7160 3538 1580 8524 9927 7290 3140 5369 8529 7465 82 2177 4573 8356 1268 9538 2979 1767 3004 8309 5629 1633 6943 3716 1906 8509 8943 6279 9765 2401 334 3611 9904 2265 5138 4178 8136 2108 3264 7143 9189 2302 278 4251 7384 1795 6674 3466 2681 8564 4540 8614 719 356 6789 3806 5048 9782 2462 3654 5797 1761 2728 7495 7759 9535 355 139 8597 4129 9750 2989 1909 1219 6788 2180 7685 6512 6106 5952 7169 3128 745 5777 5617 7279 443 6415 9879 9441 781 6557 7006 5811 7092 5500 1273 3242 2313 6228 1969 931 869 3612 9446 2537 7135 1454 1420 5443 9758 7126 7407 8753 9560 4570 8115 6906 2922 7612 657 6841 6158 8770 6357 6314 7487 2888 1512 7538 7671 9342 114 5940 9926 72 3528 1952 9307 5774 4695 9849 5204 4766 9690 4082 4440 3046 1131 6189 3443 5225 8907 6506 864 9860 1180 5714 3890 7890 8034 1731 3383 2080 2993 4569 4299 3434 6690 2514 9947 1541 8306 6241 6964 4981 6274 3280 15 4272 4221 4758 8826 7642 4480 5880 1415 5161 2312 3142 5267 896 7971 1855 5582 7242 9000 9867 8143 3852 3519 9308 8214 6743 5263 6809 579 5571 3306 4665 2114 1351 6471 7142 3436 2223 5341 9802 1678 7762 4706 4406 677 8459 2731 6339 780 3228 4882 7997 3390 4928 3870 7297 7332 8985 9556 7602 5403 1659 8601 6078 2060 1163 4496 4238 7448 8020 1254 2241 2129 5801 1422 6159 1956 8810 7903 1499 571 3505 5299 8739 6879 184 8044 1653 2650 9844 2799 8234 4807 3607 4239 5182 170 1720 1118 9224 1665 8694 1536 717 2585 4778 9778 8173 9686 8415 8952 8352 8191 1055 7527 499 1114 9105 7551 8882 3657 3243 6905 6966 6703 1365 5705 1147 8543 5999 8015 5073 10 3976 7271 221 9435 1107 8585 6238 3846 9264 5970 8177 7293 433 9797 4832 1922 7687 1132 2465 8047 8149 4588 6862 3663 7231 3966 9635 8895 7153 5339 3298 536 1233 3273 6305 1330 4598 6562 5891 8577 812 2285 1590 1468 2096 6358 4293 7127 6102 4591 2326 8487 4273 2811 5732 9091 590 3143 4051 9656 7070 4411 5101 6237 7806 7017 9667 9834 9549 2724 6837 4711 4940 9358 8516 2606 850 7326 8156 2504 8098 9732 2196 118 6681 4384 4547 1266 5876 258 9330 9728 7068 902 7805 318 8168 8647 5476 3167 7933 7834 2222 44 6701 6797 5191 6865 5933 7910 353 3862 1948 620 4000 1821 9462 4622 5833 5393 5421 4684 5106 637 5749 9373 3573 4738 2744 6560 4531 1739 9969 4744 1799 7477 3825 6381 3083 3935 4670 1576 7249 3417 1464 5130 8969 750 729 8297 2039 6029 4186 3755 540 5019 8197 185 4567 7665 3011 1380 5200 2652 2088 7598 2823 9548 8348 6082 3859 1252 2580 2454 5864 721 4745 9517 2138 2872 8418 5242 2194 3631 7199 2300 1521 9132 9071 3452 7162 5234 9693 4295 6064 6218 6780 1624 1117 1852 7315 6221 4850 8326 3864 9907 2855 4535 6646 3509 2998 4004 4005 4545 8452 460 827 2416 5845 7591 55 5257 8470 4466 2240 457 4730 9953 4939 8381 2024 7443 4876 4137 7029 1561 53 3547 290 3260 5213 6494 9043 9147 3566 9869 486 6601 8286 3082 1924 6727 2734 3781 2742 7250 2739 2980 5414 5720 7967 1629 9075 2918 8425 8835 7213 6255 272 6941 9934 2794 9217 8324 6549 5083 6875 5901 1086 1350 813 1301 7328 8532 4700 8101 2667 2310 8181 8339 5938 3672 2046 5066 4566 2500 9470 6250 6899 9901 7400 2963 5945 3312 5491 4077 2092 3551 6632 8463 3772 4751 8849 7532 8703 9292 2515 926 4729 4195 8933 6050 7456 559 1053 9442 2049 1676 306 6021 2243 3703 9515 8838 2536 3212 5360 3620 8240 1831 1927 3152 4662 2048 7839 6893 2762 728 2045 3993 1162 7460 2435 8814 8657 92 9807 3564 2802 5541 6185 5284 761 1037 5344 4150 3013 1596 4913 3282 9800 5557 5664 2829 6125 8314 8287 3622 7238 7773 9016 6771 3209 9755 6565 9862 3583 6915 790 5449 3047 1373 1788 9511 1556 7196 3371 1603 8366 4779 6668 1970 8819 3038 9479 2160 6495 9207 516 3462 3955 1011 3353 1024 9457 7157 9501 9432 5905 1272 8061 5060 6391 7152 6153 2481 1051 5286 9993 4927 8719 2741 3983 1741 4185 442 3122 5923 877 8046 2166 1940 2596 1165 5011 4085 8763 9567 8822 8184 5996 75 722 9513 8497 6769 942 3024 2883 8170 1637 444 4578 8251 5342 3963 6895 1647 8596 2535 8357 9056 7381 4338 251 9602 8165 825 1522 36 7884 7795 3598 3944 5852 9063 9489 8460 4728 7965 7772 5937 6726 4560 5759 3776 7284 4561 7019 9932 2688 5649 4108 867 1473 4454 5128 9448 4209 3386 6160 1802 1143 205 2089 8934 6398 9923 3811 8089 8276 2414 9749 508 7799 8417 9868 6318 5270 1309 1902 9067 3688 1779 5444 8017 1182 5985 415 1888 2964 1964 4426 3578 4705 6175 6033 805 7783 8622 173 8374 4287 2641 6730 449 1265 8241 1486 7893 7511 46 2916 2027 9481 3863 1971 7507 7544 5906 1213 593 3636 5932 8839 9062 4809 792 846 900 743 3740 2656 3480 9662 8422 8393 6164 906 833 1581 8242 8474 64 6608 9680 5573 595 4376 1248 4722 2984 3337 8404 6091 3103 9355 9174 1305 49 1734 7947 130 9930 5507 5764 2893 1088 3437 5080 8055 6121 4079 2084 5072 3883 7344 265 7291 2491 189 5879 4097 4754 6257 9116 760 4288 1625 8419 6686 884 2058 8889 7626 1060 5543 9922 2296 6676 862 6446 9245 7288 9938 8638 3429 6870 954 9219 4666 5644 1612 5605 9331 5960 8245 8456 2749 7900 1216 8617 43 6041 9427 4813 5174 3148 8852 3891 3513 5545 9250 550 7281 849 7899 5018 288 7615 3819 520 7003 4616 7257 7428 8825 5411 4052 4886 3834 738 5663 6742 6662 4262 8375 5077 7404 1895 6058 8067 2090 157 6628 1827 1458 3335 751 4087 2053 2228 8484 1597 6976 7957 9393 687 5930 3052 4572 6588 5143 6798 4836 7388 2121 4156 7226 6028 5987 5310 8633 2871 6302 6335 4687 9114 6309 8462 2797 2399 4307 7643 528 9368 6871 1000 2573 644 8855 977 8734 1961 606 5680 4075 3676 7074 9637 693 8380 532 8851 9416 2000 9284 8888 2393 8298 873 7892 2209 7589 5896 5250 8052 3037 4048 3115 7046 2261 3379 5990 1691 3409 971 4632 8449 9139 4067 2479 214 103 3722 7335 7978 9262 5394 1544 4224 9551 4018 2191 3905 8494 5717 1097 3606 6475 6452 5065 5579 9001 6364 5302 275 2804 8680 3086 8660 1121 5152 324 3956 7581 7053 9692 8874 2863 6206 8705 3824 9060 4681 9176 299 7486 5731 1119 5059 9721 421 1377 7585 8512 4033 4750 3445 5869 6711 9743 1644 1928 6857 3586 7313 9094 9381 4803 6409 4437 9666 8699 8483 364 3849 9107 6774 7224 9251 9295 3192 4066 9283 8921 108 8850 7860 9388 7438 8560 6511 9840 6829 1218 9 8759 323 2117 9149 1689 9945 9365 1825 802 1935 5481 6908 8824 8121 1348 1191 2946 1081 9894 6490 4124 1133 5002 1579 5878 5525 8945 5504 1754 480 2563 6810 9896 3406 2311 2752 8805 6425 9258 4489 6925 2200 7696 4601 586 8354 627 8222 9162 8395 7031 3886 2224 226 7830 6825 8775 5567 1823 4468 2710 7327 5405 4723 8132 4353 1076 3129 9641 2884 7823 1003 7673 8212 7306 5017 6401 3366 2343 3236 9990 5798 3504 7266 1750 5647 6403 8466 8109 9958 6666 9966 3937 8039 5402 3026 5236 6876 5202 4427 3577 7658 7190 2252 99 7784 6659 9391 4441 9364 8548 2769 6341 9204 1105 4550 1067 5026 1759 3258 5537 8250 7620 3589 3579 435 1449 7775 8490 7667 2245 8745 7121 8069 8575 6833 4791 1044 5757 4292 8367 3584 5296 8708 1194 3135 3127 285 8349 3973 2494 685 9983 3880 2990 8294 6613 3239 3487 8645 6163 5473 3041 7841 7792 2616 2913 1594 1258 7454 5533 8778 3536 8887 1939 8492 2466 144 4280 2819 9857 2939 1574 9986 7154 854 3648 462 2778 140 8854 4331 5107 3510 4584 9558 7366 4329 9784 5657 4953 7256 9762 3327 4378 2082 1782 9671 3539 7095 4856 3110 6477 7599 3805 753 7758 8834 1482 7195 6844 2495 4548 507 9861 340 6708 2054 1443 2038 4885 9600 6336 5551 6181 4222 4523 9290 98 636 767 2005 8628 8630 9581 2211 6939 7459 626 2102 4833 4747 9916 1101 7350 1755 3144 8128 6887 3076 775 493 9701 8281 2600 4026 8589 2055 483 4492 9351 8333 7300 858 361 5254 9663 640 9665 5084 1084 1711 6194 2784 6612 9518 7412 1204 618 8697 9506 374 6881 8932 8036 1785 1099 6786 9151 455 3482 1294 9397 2235 5608 122 1021 4484 2337 746 6098 2906 448 9213 3430 3223 7445 5469 5831 6836 3681 6210 5140 5986 2159 556 8571 6935 5470 9235 946 623 3202 1345 7855 1074 2340 12 8990 8966 5995 2601 3632 7574 311 4128 617 5701 6815 2704 1988 5455 2814 5115 4445 4459 5549 5621 9238 2936 7140 9505 8877 1012 1440 9630 675 2534 1445 5183 4212 9676 9629 9372 2803 671 2755 5559 172 9312 8369 5168 9555 2795 2127 188 7426 8977 3933 3610 1993 9367 1353 5616 7808 9390 4972 1122 3396 5620 9900 541 2161 3227 2119 1744 1840 6602 785 7915 3872 3858 5142 7594 3929 4612 5886 6166 6618 5998 1696 6802 7968 4678 7245 1850 5971 6778 5434 642 7681 1807 7853 1680 6184 2212 3516 4858 3481 6378 8732 6233 7457 9141 1276 9703 2098 8153 6043 6419 2949 4433 8506 3710 7755 8127 2407 5178 9995 2712 8742 9370 1483 250 8692 9371 8618 8076 8501 4829 3791 7361 9763 6482 8635 962 5686 4980 4918 6748 9642 1391 5980 3832 2522 3226 1022 7265 1155 4168 3778 4256 491 7695 7209 7125 9089 7536 3281 3050 6785 9771 9356 1047 4787 674 4924 9977 2335 3741 9077 7517 9383 8343 9994 6657 1078 1859 7163 6453 4015 8542 1832 9912 8515 530 6640 3530 4458 4335 3743 6754 6132 1551 9976 5630 2956 387 5648 1845 951 485 3515 6852 7294 8321 2659 4020 1743 4359 7998 2682 7033 2391 6772 7750 836 8396 3279 4773 682 7935 6997 4863 4134 2262 5333 4887 8654 749 4225 9487 17 740 5109 3146 3851 8120 6953 4698 1636 5332 1049 8441 1690 63 9603 8167 6692 5125 2316 6278 3485 1152 9343 9325 5195 2935 2945 1945 9842 4089 9405 4889 5458 9574 194 3113 1111 4482 9563 1286 6298 2722 6377 3302 9320 113 6333 7571 9717 296 6248 7276 3126 9483 1699 527 126 1805 7258 7659 7461 2810 2911 2899 9317 1610 842 1722 3231 3166 5563 2037 5964 6918 3725 8353 2130 1238 8997 7385 5337 4845 2087 4669 5939 6744 1270 1786 6116 5672 2642 6215 9660 9210 3659 9906 8793 6554 1089 9492 7292 9783 9318 6214 9745 8134 770 2570 2943 6713 9628 7270 6902 7877 4812 748 5762 6514 2146 3780 8873 2148 2839 1419 6566 3925 5802 3794 1990 9921 9202 5169 816 5628 4685 7149 2386 6623 4742 9611 9406 7481 4257 4708 7061 4715 5527 9824 4210 5022 8904 3351 3098 9271 213 5436 7147 9374 1069 4724 3446 8991 4036 3398 9436 634 8056 5902 5349 1207 4638 1436 2974 9571 4557 8767 6362 925 6649 37 6777 4283 7702 7700 7311 2344 1296 1941 3361 8273 4746 8315 7912 1585 7319 2756 7215 2094 4402 9490 2647 8974 367 3 7490 9931 4038 3177 1260 7489 5052 7396 4521 5566 7691 8829 9129 4350 8262 8239 9242 2319 6057 4435 6873 7207 166 3790 4786 5658 6399 4068 3919 2908 6435 5456 6443 6109 8970 1352 4249 7417 3293 972 8002 7587 5660 3959 7341 564 9288 5365 8831 5846 3112 7012 398 709 6300 3040 2757 2545 102 2187 4703 6845 3246 5029 3198 5315 2439 8643 3433 9649 9537 5799 8491 5518 8302 7113 6719 558 5487 7357 8823 6118 4342 3736 4019 7663 4344 7623 7136 1775 9211 5897 3108 7800 7060 4007 3367 2176 2498 4383 500 6756 3234 2687 2567 6112 3553 713 5283 7386 13 9434 5856 7932 3655 3460 6130 6198 6543 6934 2748 4049 2135 6751 6651 409 7434 4749 347 69 6437 7676 2613 9477 1393 2565 9486 302 8777 1190 2560 6974 3690 2184 3734 5804 2577 4597 3149 3453 3365 596 6931 2231 7414 6710 8041 4702 6026 1745 329 5736 7187 6700 6402 3238 5588 2699 3172 9788 4962 7654 7787 350 1748 8150 5669 348 2457 4771 5729 7502 979 4509 9072 1198 3358 466 3970 2773 6474 7423 661 4664 2995 3662 2572 8325 8280 6721 1919 3272 7441 804 2022 6622 4234 8220 9874 3183 7171 570 3056 4138 7793 5165 4514 5947 3827 3924 1288 4266 4525 5412 4434 5684 7632 6022 8536 9700 857 1261 9575 2931 6650 7349 8683 518 6107 28 1981 4994 1302 5273 2183 2361 669 4197 7337 5817 416 2266 3089 7851 3517 2897 1383 2562 5102 9484 5924 7991 305 186 3359 6831 597 7807 497 3679 8930 313 3339 6980 6369 2268 1716 1490 6421 110 4720 5408 1774 6573 6217 4883 6790 4619 5301 8957 2725 7825 8588 6677 358 9813 616 6698 6075 4432 3885 2271 8437 5840 2957 7334 3556 4938 91 4558 3072 9661 1494 1873 9587 9336 7785 5207 4819 4059 5928 7425 6816 9096 9507 4510 5280 8329 7541 7016 4152 3286 1007 1818 2421 3178 3163 6105 4838 6455 5929 5378 7488 7803 1668 7365 2419 1929 490 7239 5603 9021 5264 5194 9424 7222 4282 2890 4649 3421 3775 5231 50 6570 4305 319 6610 5826 352 4957 6171 9452 402 2036 4297 9124 2941 8189 346 1066 1172 2330 2796 3895 5124 4395 5322 7021 9675 7463 5636 351 124 9730 3630 6521 7309 3346 3196 3960 8975 8798 2589 8971 4250 3220 4394 6030 6289 7765 1622 4111 8978 8881 5465 7977 1098 3171 9392 4790 3495 8308 7710 6232 9030 3055 6203 7298 6202 9399 3141 1714 5645 628 8077 8312 8893 9130 3401 8009 3758 3336 6921 8724 5218 4860 8720 6313 9883 8606 609 3753 8030 1814 7767 1492 1973 7347 811 3048 1285 6234 957 6321 1072 3900 4133 9988 5320 2405 8514 8310 9339 386 6024 5574 5010 4023 5703 5699 133 1583 6949 863 5509 9882 8397 763 3221 3019 4131 8478 2074 7099 3155 4016 4141 3080 4302 2280 1386 9643 6781 695 6542 4571 1762 5423 8522 2983 7304 1451 1214 3025 4825 1966 5841 7045 9545 4543 1156 9806 4153 2299 2524 4071 2639 5177 1547 9753 5477 5936 217 2623 6046 7835 8097 6932 992 7940 9097 3572 8155 3653 1995 4308 5548 1401 928 2938 4839 3837 7494 6783 1503 3034 1435 5515 8071 8949 7378 3343 6516 9193 6411 756 3760 4284 7363 8447 6225 6124 2698 7096 8268 5474 294 2605 8130 9232 9561 7212 7701 5062 4416 1768 4656 3844 6753 1882 6352 430 5899 9885 8754 7754 840 5520 4910 7862 1586 4428 2846 3097 2557 1485 7929 914 9731 3894 7071 5157 1341 2365 4348 5950 7410 8051 7983 3084 6724 9957 8152 1677 1867 6648 93 8340 3069 6759 8964 4236 9618 9722 2880 7131 1974 2276 1908 5314 878 5424 5070 4671 2645 3642 9229 154 8832 5193 1578 8040 5496 4828 5698 1639 6317 3992 2518 9188 2930 6375 903 7854 9941 3403 7351 1643 542 6383 20 5479 4149 1041 4235 1200 4538 9688 1100 3408 4092 5377 9526 8319 548 7234 5330 1227 1598 6928 4431 1085 201 7554 8126 2274 6528 4494 1092 3496 3230 4159 904 3689 538 5943 6301 5006 3450 7994 4373 3911 7552 1931 5524 176 3809 1474 7097 1863 7368 3008 1618 7774 6176 2684 789 5238 3030 7725 9407 7747 7114 3028 9361 8174 2437 54 4581 8081 929 7303 8394 8965 9508 3732 2324 8553 4912 6266 1842 909 3874 1149 5327 1527 7531 7399 2475 9553 9831 8958 6597 7925 851 3651 3532 9183 4613 9341 4277 8998 2506 5775 7669 694 4155 4719 3507 1201 3275 7682 7822 1287 9150 1839 498 5793 1374 5390 8600 5167 4948 3251 8495 9962 3685 7535 8440 3389 6729 5373 3322 5724 109 1841 5632 4457 4103 244 621 8006 801 4017 8910 1306 7880 9321 8439 4707 7946 8789 4485 7524 4061 676 6548 8950 5493 7442 3314 980 7112 8278 1437 2571 8844 9920 3081 8193 9404 1607 9327 3330 9376 2356 6594 4764 6426 9776 7429 8726 3616 6620 8659 6282 8018 2473 2579 6283 6151 9394 3173 8004 4660 5248 7902 4976 8774 651 4636 8161 7032 6461 5293 797 7167 7380 3307 5825 2440 899 3255 6143 9134 6716 5087 589 9569 6663 8866 8162 9737 5753 2403 9596 3843 4352 9633 279 2672 2352 1797 2059 9012 2031 3165 1679 5211 3892 6080 9281 2789 6204 168 3484 6752 8788 2147 2238 3058 1389 7525 8119 1865 3382 7727 9740 7905 5258 9779 8771 1009 9691 6864 3804 6901 6576 3550 5925 8210 4452 9227 4945 4046 7537 222 2745 9182 604 9375 6186 6732 115 1728 2492 8385 545 9708 2208 4652 9350 5788 2076 6150 923 6067 7520 6805 2617 8621 2867 3508 6256 3120 9865 1414 7711 7491 5807 952 317 7342 6002 7930 9144 9180 224 3989 4633 7177 4999 6878 4699 3009 7917 3075 3503 9714 5291 3442 5184 5721 425 9772 9112 4275 4498 9684 9578 7637 6627 3356 4391 1955 580 1228 1460 1687 1991 1811 7886 2126 3372 9006 106 8661 4673 2632 2874 3535 1187 4040 60 215 6230 7609 3768 1758 6682 8652 6347 261 924 5035 6776 8639 9400 94 3569 6480 3249 9522 7871 7392 6959 1674 989 1886 259 1400 5974 6539 9770 8676 9289 4205 2468 3032 8911 5866 1789 9965 4232 4408 5319 7272 8420 3742 7534 3942 1331 2201 4098 4880 5675 8513 9819 248 8872 3514 766 1891 835 4866 3492 9852 5830 4216 7150 502 3265 2636 872 4620 8105 8899 1020 7065 5776 6147 567 501 6973 1123 8848 7370 9946 4810 4123 6182 7966 2118 4794 9173 3603 7072 4099 7352 5756 9521 8444 9285 6088 1815 5261 4207 7233 5383 5271 4631 1897 7891 2507 2758 2487 163 5429 61 5713 4439 3321 985 8332 3001 5800 1550 1545 2838 9956 4045 5982 7576 1654 7427 3222 8994 5336 7913 1106 7116 6444 127 1630 389 9514 3784 1726 9019 6988 8358 7333 8535 5467 5162 9887 8584 6807 2685 4267 9502 5144 2973 2464 6979 1650 3965 1031 5055 701 3793 2122 7709 2373 7922 4476 5767 3338 8082 5503 1050 156 7484 7649 5946 3909 6288 8118 89 6048 2866 4382 716 8249 9136 336 6220 8988 1968 4923 7909 2213 3803 325 7973 6441 9647 9344 921 7389 4971 1548 8389 207 280 9529 4542 6636 9961 3240 9681 1813 5007 5447 6031 3835 7918 7175 3355 8228 3717 6621 3494 9313 8996 9970 5387 4488 529 2256 4294 8519 7523 8271 1430 7148 2101 4932 2554 6763 9455 6436 6563 5745 631 2472 9991 7331 9463 1410 7666 3728 5768 6373 4944 1649 1396 6315 6385 4013 1292 1347 5726 388 7573 6832 4003 3729 6487 4477 9658 1717 7975 5134 6359 7214 4975 6883 9955 9179 8658 6092 658 1036 8651 8917 2747 555 9672 3412 7849 2818 5843 9186 5615 6054 9636 488 6830 6103 6129 7624 673 1223 8299 7133 2679 4204 9079 9454 6439 881 8029 8539 3270 1058 4116 6575 9808 1279 3200 2165 2837 3875 7584 5951 3329 3614 5888 9237 5618 9475 4334 3795 2533 6965 1557 5961 5944 4336 5209 1889 8038 3021 3470 7415 5095 1507 9431 2345 9573 5556 9888 6179 4386 8390 6472 5119 7499 5040 1300 3031 4173 5051 6631 9830 8690 6749 2917 3459 7873 349 3833 2678 6180 8809 2785 9223 4206 7715 7105 6449 4909 515 699 4606 6574 4710 5935 1763 1282 7593 2047 6869 2925 7008 2023 5857 7025 504 4055 5590 512 4800 8073 6808 6791 5558 2859 6672 312 8523 8860 6433 4388 7299 6018 6393 8919 5895 3216 522 2120 4456 3948 3111 5027 2260 4686 2852 9438 1267 175 8870 41 8876 2937 3624 6087 2413 4821 9417 271 6904 9045
4149 9004 9824 8643 4893 9317 2657 2262 2175 6657 5441 8185 9203 6700 4206 5813 2087 1961 1229 6633 3248 9516 2468 3630 6270 8900 9619 1056 8924 5619 2163 239 8911 541 3566 7501 3492 3357 4727 9099 5702 8842 8520 4437 6067 2831 2188 9657 4248 444 2545 470 7023 506 3031 1926 8722 5069 2430 7368 1417 5802 4241 7328 8361 9058 3147 7911 5743 5826 1860 1995 1924 925 1815 8050 3429 2781 4584 6606 2719 4731 1458 1383 5165 891 8193 2017 7082 1133 2060 6469 6985 9869 6929 2875 261 3527 4132 5125 2590 9594 5378 3768 5123 9476 6678 2612 8939 2910 9825 3473 5604 2796 7547 8628 155 5805 6165 457 1419 4164 9537 7882 283 3823 5885 1533 3525 7712 8335 4218 3604 9054 9303 1700 1483 8988 5721 2707 7146 4058 2813 4247 2054 2782 5210 7365 5412 6664 1138 3738 8222 8271 9876 6587 3599 2436 9761 5105 3736 4553 3886 5036 342 490 6819 9460 1024 8386 6768 2745 726 4528 4618 8849 9273 8660 8373 3274 3936 820 8566 329 9359 7971 404 8268 9951 4654 6863 8442 8004 9797 8662 7776 6982 6952 257 5870 9934 8616 2466 3861 9778 6378 6666 9920 1230 6334 9229 6639 6501 4984 8419 6605 5520 6023 5293 6634 4629 4760 7455 219 6472 3249 9472 4632 5062 3747 9874 1324 7280 943 6920 1857 9019 1558 8328 4225 2907 6256 6599 2128 9488 5947 6307 2974 5830 7126 7267 1442 3209 5538 1471 9209 2148 7115 9917 6331 3845 3716 1054 3282 485 5093 8341 8042 9413 2257 4992 5814 8810 807 1560 1834 4870 3023 5568 7155 6160 6284 5454 4682 3586 9042 210 1839 2536 5784 1658 3945 2694 5560 8501 7893 1575 9641 7959 5892 2718 5277 4102 9130 5020 6669 4570 4569 4733 7732 3567 8738 6139 815 2261 7753 9795 1081 7412 6131 7390 1354 8575 2794 9848 8867 8100 4999 8472 2267 6310 2080 3798 9687 9421 2014 7899 8090 5907 6123 5662 9971 8837 1657 8278 7374 1326 611 8759 3239 7783 9292 5013 160 1101 3417 9772 1712 700 2791 2658 6974 2484 8046 5839 9094 722 1994 5104 5092 6860 6290 6698 9386 2180 2156 9988 1505 7435 7175 831 292 5948 8537 4522 5716 3441 9302 7013 2364 1148 1380 57 7567 2774 1920 4107 4497 4312 4511 226 6713 2834 1886 6117 5514 1344 4736 3614 6275 7938 5305 5507 7319 3639 8176 9140 3220 5739 5756 7331 8298 9337 9498 7760 3842 7340 2841 9617 5370 714 660 6588 8573 8469 978 14 7131 3704 4616 4603 6508 6479 2563 7429 9167 3463 8550 4764 2815 206 8595 3885 7894 567 9237 4357 1316 9552 2409 1030 4746 607 921 1669 5189 9146 3186 569 1959 5046 2393 1581 926 9974 5308 8340 1594 9161 8318 4741 819 5031 3880 2668 1601 1403 1109 4068 8973 8159 6107 1908 7347 9942 4834 2224 3237 220 814 248 1863 1728 4644 3024 2013 5135 5330 4922 8374 1503 2231 3372 9496 3847 352 3486 5841 9106 9069 5933 6841 7124 4531 5899 7586 3779 5561 4302 8730 6032 5001 9171 9827 6463 4578 324 4722 1232 4162 9223 493 9787 223 683 4493 1840 7470 7283 3159 267 5398 8853 2022 9057 1140 161 1040 5704 2390 1236 8806 6271 7836 281 2543 3655 231 17 944 5185 2918 8359 8587 7566 5863 894 657 7744 7036 6356 4242 494 4924 1063 8684 7042 9412 7221 6723 8081 4270 3426 3967 315 2202 3076 9487 4198 3519 6652 1529 2206 9521 6197 8218 6413 6252 1536 339 4947 8192 5621 3454 4115 7980 1280 9927 800 9812 9044 440 4081 3642 8553 1754 689 7471 2469 1321 2033 5867 2643 9953 3369 2099 4133 8488 110 8827 1866 6360 1599 9405 9170 34 4235 3123 7403 9446 6255 7189 1656 7562 6182 5314 1452 6044 6585 709 1952 2287 8674 4158 8080 7057 4362 4845 4275 6075 6851 9745 7448 5037 4336 2094 1864 1494 7117 2751 8118 7953 3679 9154 9587 8885 9914 790 983 1441 475 1263 9227 3308 3182 9096 5503 4908 8067 9659 4382 460 9707 1655 8255 6447 1518 5812 7591 46 187 3939 1238 9495 5006 3663 1218 4520 4822 8087 8291 7490 8455 7573 3385 6560 885 5679 8406 8450 9788 9217 4606 562 4792 6831 5234 411 4069 2537 1900 8138 872 618 6192 482 9124 5725 6020 6833 4088 505 1351 4409 7881 4112 3170 9224 9478 1825 9228 638 8893 6014 4907 8949 2366 5699 7469 3584 7800 7517 8026 6822 9308 6264 8342 8627 7360 62 4498 1453 7779 1026 9191 1887 8871 2942 301 4349 7391 122 2961 1789 913 680 423 1904 1838 8242 4395 3919 7496 50 9945 9596 3167 1212 1586 8638 9087 7690 947 1315 9754 6496 1559 6892 1079 6054 3505 9353 7052 168 9220 4371 510 5578 7035 9253 511 8930 13 7310 2561 7474 4514 5115 8367 6749 2601 8124 8963 8105 8565 8570 9976 8679 8706 6030 549 4087 2714 6001 6607 5118 1215 4394 9235 9645 1596 788 5681 4144 1313 4869 2617 1981 6710 1745 5112 3587 8972 8758 779 6222 3277 2123 4293 7212 5747 7164 4029 97 4602 5002 5284 2288 1600 9290 9294 5691 2559 1264 9564 3035 176 5004 2583 8510 5636 7428 754 3777 9662 976 1826 7152 2858 9441 6474 1139 1939 7552 7434 9581 5614 8804 1710 8424 4747 895 6857 112 4993 4482 6689 3819 6046 9136 4597 2203 2508 9011 2200 8699 6969 8434 6776 4072 7564 6432 5854 5512 2755 211 1114 1777 3063 19 7488 4170 6756 6995 3271 4036 77 4202 1456 8223 6902 5467 4203 4948 1622 8547 9135 4280 3546 6381 5477 2885 5936 1909 4079 6653 8190 8579 5864 8016 6537 2890 1513 5050 5548 803 1884 4291 2386 6566 9563 8992 1221 2439 7055 7045 8485 1176 8273 5449 7192 9954 198 4748 6143 8496 16 3960 9104 35 6276 9116 6482 8277 9444 2553 6006 7351 2525 963 9770 9769 1188 465 1564 451 3863 1233 1437 9014 3406 6617 478 6706 847 7288 3872 935 171 8063 6826 848 5574 1100 5648 9980 3903 4658 9480 9085 9406 2234 6072 3013 8000 3253 6925 9525 3047 6668 2838 5539 9313 4056 2142 1895 5494 9781 3597 4031 3877 2573 7627 1179 4065 3969 7034 7806 5761 3185 4794 2313 6148 8757 8920 9701 2932 8953 5100 7223 6804 8948 5377 577 3275 3145 7804 8926 4987 9013 7386 3368 5628 202 4083 2092 6029 2650 1048 9449 4104 3292 2901 1455 6861 1797 4095 548 5375 1465 7847 9793 2591 7385 2343 6088 7417 761 3073 5531 5635 1848 3596 9839 6769 2403 2627 7377 1039 7426 7480 2143 349 2491 9284 497 6837 4099 1785 2447 838 3797 6594 7923 3301 7642 5491 836 6119 9986 6747 153 5025 6734 9316 2159 2477 2920 2375 5354 7099 7430 6922 5651 3853 4843 7637 9816 6953 5797 4975 4160 7239 9915 9595 2154 852 6464 8507 2685 5501 4216 9852 5286 1134 1828 2960 4005 6004 4737 1972 2641 3337 9593 9077 1879 277 4876 1637 5782 8397 658 3564 1768 9672 995 1226 6846 2120 4749 3179 1718 1683 6403 9779 5911 7680 2994 3621 4096 5877 3046 3017 9485 4470 8836 6388 7984 3436 2809 3550 7507 8032 5861 2506 6659 1297 2191 2512 2944 9819 685 6412 5927 7810 2489 4567 3898 7883 5239 4626 796 7828 1217 5403 1649 7024 9200 3603 5664 9540 5065 121 5328 8439 2604 4617 808 1411 6702 579 2495 406 4789 6262 4412 2509 4034 6854 3202 7722 7071 4619 7802 3254 5968 7003 4368 2125 7607 6898 7523 3327 9360 9800 6809 3196 3166 4691 5275 8880 2098 1829 4716 9199 8082 5955 8238 9694 3306 3048 8075 7710 1070 7008 3985 740 9723 6848 897 8394 3172 2645 9507 9984 6494 5858 1557 5344 9120 5532 5599 422 3999 8011 9734 4181 2706 5718 453 9766 5347 5985 7159 9489 8336 8463 2613 5937 6595 9505 5939 2096 7065 273 275 5918 2057 7260 8996 1980 387 4180 873 1539 1610 4071 2387 8515 4624 8987 7327 1413 3256 5894 1634 3790 2006 4294 4692 9341 4534 8781 5988 7179 6461 4328 2177 3759 4196 9059 5757 6497 6967 9738 8175 7062 5176 7785 2097 5497 3411 3686 4458 4397 6896 3626 1460 2347 5409 7506 4788 7261 4374 9492 9841 6907 4954 8479 9756 6984 6013 2372 2187 5775 3001 8610 1516 1647 9186 3016 4700 8241 9989 6558 4839 335 8380 9283 2859 2037 2056 6204 4663 902 7655 1867 5295 8140 492 2983 5307 6153 5729 2236 9821 7497 4449 7624 9423 967 7696 5674 2000 3761 7640 3393 5502 2398 6126 1992 7549 5177 6173 7842 4798 5124 3515 9875 7767 4997 2615 7256 9366 9181 9854 9666 7869 2922 5126 3261 2950 7320 3199 76 9211 6525 8212 6279 2479 8072 9546 7990 9853 8333 47 2401 5598 2416 7158 316 9621 6206 564 9993 4757 6923 9676 6695 3673 4868 690 7625 9394 9994 2538 2788 2638 9322 2825 1290 86 9258 9165 6970 6499 3066 3590 8381 6686 1921 6188 2062 3625 8121 3217 7684 3504 7201 1944 2760 3511 4943 7534 8122 799 8311 384 7960 6316 1462 1603 4085 8243 9773 5049 8562 9962 8321 7233 8262 9032 7169 8473 1117 1824 5923 3741 4837 8293 6858 4157 9983 8516 7718 8258 6449 5537 4666 3354 8280 5353 3963 8347 6031 4633 3373 9414 2981 5752 6788 676 2256 8832 7000 7382 279 9404 9549 8412 7143 4429 8130 4010 8215 253 7142 849 9417 3554 3606 4636 481 2930 4407 2550 5099 9960 3350 8164 840 1135 9864 6278 3675 7163 9704 7472 4207 2532 9403 3662 9100 8288 7243 9829 8947 2453 6103 6691 3786 9117 80 5120 3438 3289 446 2544 1414 942 9164 372 3726 4426 3913 5712 7987 9277 8207 4679 7848 3483 8383 2421 3210 2314 473 9231 8041 3151 166 9631 6144 141 4763 2377 8635 2535 5644 7098 2749 5098 3507 7812 7588 8324 6101 9080 8295 2044 7821 7758 2114 9504 4330 5023 5866 5175 2696 7166 8955 4118 6628 4260 1450 2828 8506 5178 8445 863 8385 1963 4229 7183 5760 6507 7540 7594 1788 1182 7481 7937 1881 2235 3260 4643 6939 3014 5107 9613 5468 5821 7141 9629 4900 3390 7618 1765 389 9749 8247 1115 5997 4637 7645 3633 9966 2993 3696 2205 5274 4440 2948 2264 358 5848 1044 5043 1616 7173 9709 3765 287 8718 3088 4123 939 5526 12 2618 9009 5427 1228 2826 7317 9888 7358 3412 5505 1073 4176 9535 6618 3860 8748 547 1821 5241 2835 6242 5219 3387 1678 937 5333 8790 3154 53 6524 2353 179 6011 1984 9233 3809 7992 6791 813 5549 7149 7909 1047 633 3103 7757 4308 9380 6979 623 1412 602 2418 1548 7687 1099 5966 1650 9931 3897 9275 7153 3970 2644 6942 1243 2596 8557 4001 4267 8285 1682 7559 5557 5533 1329 5127 5708 391 6003 8982 6918 8304 2763 1288 1552 3404 6048 8652 670 975 6601 3421 3528 1159 6578 2812 2931 550 2492 5847 2373 7643 7245 2666 3006 1330 2410 9323 9269 8265 5620 1240 5723 650 3955 8491 7942 1918 8018 5714 1388 5351 7621 3009 1472 9518 5998 6207 4327 2849 6346 4265 414 3323 7620 6579 7803 5363 7561 9222 4921 8441 5506 8923 2083 6789 7920 3561 4245 9246 3190 6932 7230 6612 8995 6437 8398 3852 3589 7593 9697 3788 2957 7674 4946 8200 2437 1027 1477 7010 9686 2793 2642 9398 1903 6397 5249 8036 1823 724 4754 9972 9765 4211 9212 3262 5079 1500 6301 5472 3312 6430 8535 6138 1501 5851 3360 545 8066 7600 1331 456 4587 5487 4759 8245 5145 9626 8323 154 9214 9823 2194 7129 5767 1439 524 8030 3165 6763 7769 5408 6992 7132 1617 9757 598 8234 7612 3911 2570 8858 6530 3817 7558 1490 909 8486 8006 6687 1775 8831 9356 8038 8163 1000 3346 3206 6541 1724 6869 433 2467 2741 5262 7246 4020 6797 7015 4689 7817 6955 1013 6862 3684 6891 7140 6910 3732 2515 3893 7535 7091 9467 403 9422 99 8905 1461 306 1979 878 1722 7078 6770 6404 8034 3069 4538 3084 9774 4272 8620 7940 5471 8770 9909 2636 7556 8152 2784 7151 1112 672 1652 9344 8498 2906 8173 4920 8894 9201 1130 8624 4109 5600 4192 5715 5833 7700 552 8432 1927 471 6167 5871 6150 8110 5094 8306 5915 7895 2130 2116 7424 1007 9696 5469 2483 9379 1716 4358 647 1618 8977 5143 7444 495 9561 6326 480 5142 4212 933 4500 2959 8233 7887 9837 3873 9431 7528 2061 238 7878 692 9681 3018 1835 9600 7121 6258 772 6345 9938 3028 2249 175 4452 6136 6359 7271 621 7824 9744 9462 345 8477 3821 8495 9970 6865 1172 9048 6842 1737 2088 8351 9796 2958 2606 8332 8500 1143 7053 6491 3521 5799 4299 4872 8462 5153 4492 8309 1137 7683 7709 7419 6597 3931 8195 7613 3453 9643 1567 6814 6217 7875 1812 3874 1640 5186 8767 1556 5480 5842 4795 6602 884 6581 8976 9782 2066 9900 1310 4060 8437 988 7084 6615 6746 7499 3100 125 9555 7652 8555 2443 9458 4544 2872 9079 2857 2598 9826 7595 706 4456 3314 4667 6135 7451 3090 8855 7922 2646 39 527 5267 2927 6882 245 7504 7602 7590 5777 7500 9340 8368 9282 9376 4066 3694 591 2764 539 4916 632 7546 1347 2698 7854 3935 1817 145 2355 4189 6487 4959 7225 1525 833 4502 4199 9251 9456 5665 3160 213 2245 9809 2672 9260 5116 2494 116 8074 4552 4674 4775 4153 7248 6729 886 6089 5270 6730 4098 2497 7611 1282 5590 5594 7148 2078 8263 2374 8571 1545 3352 7900 467 8975 1593 5580 4103 2970 9700 3041 4285 9907 5626 8592 353 4049 8625 6921 6016 5009 2227 719 1852 3513 6965 8654 9439 8142 5393 6476 1577 3952 7363 8281 3434 4193 8314 7346 7527 9815 8669 841 5030 5965 9040 589 5527 8169 4111 5428 7161 5323 6175 896 9259 1619 5611 269 2076 606 8177 2611 9438 1523 4672 656 1755 6912 7168 8631 2323 1531 9531 3290 2185 7511 7954 6492 8529 752 2671 6505 1929 203 6080 5515 2338 1292 8468 1463 6249 2670 8673 6699 1142 2526 6767 4271 9987 8331 8918 5346 1307 9758 9771 1447 7437 2924 9025 7401 7482 6155 8337 2306 282 6078 4325 9409 7205 3157 1729 8319 4436 9574 987 5388 1973 3977 4017 874 6209 7644 309 6957 5320 7974 9545 1574 4878 2082 4939 2982 1358 1644 1368 4598 4826 445 697 1339 9871 3891 3794 1407 3739 2528 3279 7827 4388 8256 6457 343 6259 522 9946 8984 1017 7204 6283 1480 9568 9567 4179 6895 6055 6166 6027 1476 7445 7739 1871 5227 4620 3801 6414 8793 1096 6750 8854 648 3859 3762 4414 4124 6806 7616 8433 7814 7898 4814 2265 9538 3867 766 1885 2578 3083 7656 6427 6187 8541 8869 7582 8839 6765 3349 7064 1509 9867 2408 4664 1141 7206 4833 5969 4949 1008 3776 474 7145 1435 2124 293 8313 1512 7284 945 4128 3889 7575 2700 1103 4378 2079 5755 3310 4139 6720 2210 5147 3730 4519 6619 7554 3482 7297 6452 6830 8542 8020 1203 2349 9936 2419 6077 2106 8680 2304 4354 7726 9591 8997 6515 8739 4462 8591 8823 4881 5054 4466 8838 9401 9632 6157 1917 15 2892 8235 701 588 7879 5652 2081 124 9910 4945 7237 4365 8171 4054 8814 6351 6694 8877 7116 2716 4543 7033 4986 9833 8852 2979 7081 6637 7393 9267 9218 8538 9081 3375 6335 5827 8528 8023 5696 4220 7639 8353 2914 4950 4023 1154 4246 6761 6057 147 1346 8574 8709 8552 4895 7808 6504 3460 2228 1248 2168 1898 5022 3763 4724 2440 5838 3565 5956 9688 9272 3389 6812 953 3870 1680 5088 8886 7934 9995 1204 5906 4971 8904 792 6470 8646 7989 7596 5930 4163 5276 8998 4586 5214 9486 5528 2626 2734 7006 2999 4224 3929 7677 9832 9592 1606 9736 3382 4884 7298 3808 2699 4564 8933 2396 3917 9434 782 7791 8703 5371 6318 1660 5360 3193 3246 4551 7986 8695 5051 1345 3866 258 1528 5686 5136 7190 8454 5481 7737 5726 6265 2444 3555 9941 2750 9349 4862 135 561 3300 8148 2541 54 8365 6705 4097 3232 9947 6237 3636 2855 3451 9266 7871 3871 91 756 9862 4344 980 1893 4912 8604 3742 2811 1146 2987 9768 1810 2676 5256 5435 6007 6398 7777 3989 614 3038 8509 9254 2926 653 4491 4477 8345 9523 3175 4252 8444 8599 9428 566 3109 536 3932 8536 958 7341 5897 4422 2980 2369 3578 7432 3718 5938 336 6079 2164 299 8378 7545 4399 760 7487 8443 9578 9122 5213 6568 2498 1042 8356 297 5355 7761 4742 5426 1541 7936 989 2771 7512 6156 5989 2586 3362 876 750 4108 7323 1778 1931 4668 9510 61 4084 1312 3848 1856 6498 6613 8052 8768 356 4623 5738 9392 2266 3812 94 4016 8802 8999 7565 2221 1709 4421 3575 8136 8214 969 377 3884 9126 3430 1629 1514 205 8979 9072 48 3850 4512 5450 3240 3379 6327 7765 593 2242 3956 3689 1378 3783 367 1335 3752 5139 5592 1415 6798 7303 8878 6488 1751 6726 8022 5074 7524 3830 4431 4730 351 6655 178 8941 2503 7985 7127 9493 9252 4363 4707 4476 6563 7866 4175 2896 3661 5451 7276 8801 9896 8881 9473 5440 5730 5221 6260 6015 6238 8968 2605 5641 8451 2783 6512 6462 4408 29 4937 6374 3514 8493 2984 2268 2311 3444 4991 3637 9452 4337 893 7775 6591 3983 2953 6174 3737 3101 5597 8892 5369 3003 806 705 6081 5916 6884 1200 1019 1487 9805 7178 7787 5200 3053 3433 4683 7790 4496 3316 4941 1715 8149 2661 9715 5957 4234 817 9127 3591 6556 7314 8642 2193 867 9898 6330 6715 2867 9775 5579 1237 7088 965 3582 7454 7605 853 3826 5563 8334 4369 8092 4726 6645 1922 5067 4266 483 7107 2138 1220 6142 8033 7781 3099 9198 6104 118 1077 468 9107 9743 5463 7843 3680 2729 4579 6808 2501 6183 571 8585 8653 3377 2051 5675 7436 2069 6024 1855 3007 1369 834 2787 8414 715 2502 1966 7634 6561 4717 1155 7576 3648 3392 1433 3580 1858 1478 5264 2250 169 3644 5992 2798 7917 8065 652 5816 6132 7956 2507 5554 3906 4768 5205 9835 201 3215 8912 6058 7649 2803 3658 8077 1897 4639 6780 1807 6600 7410 138 6236 5059 1003 6899 568 1714 2186 6099 3950 4787 7571 3079 1687 1386 9332 4289 1802 3380 1052 164 6039 3659 8338 5488 4346 207 5410 5174 1820 3838 5922 9065 2522 7416 3560 3102 7557 1294 556 3758 5713 3472 3795 5090 5096 6828 4050 3754 8931 1910 9727 6120 170 6927 4435 868 8070 3571 3112 3635 1733 5920 2514 1156 6291 9551 4595 9860 188 7 5610 6109 1168 1790 4662 1104 386 5510 1328 6434 5944 3195 8167 2485 6996 5110 7394 8957 609 2342 5970 3522 6661 2844 3448 2493 4897 7409 3905 9716 9419 280 375 9584 2814 2274 5192 4024 4545 8153 2218 1353 6147 5615 4944 2874 2380 8944 6385 8492 7587 5513 7993 5953 4324 4830 2904 2404 3573 1445 240 4478 2104 728 7366 7935 1587 7046 5983 4720 3268 3234 4841 1502 6017 9315 1796 6886 3081 6061 3416 2883 5106 1102 4035 123 4576 4022 9076 3839 4425 2940 3329 8712 8377 3813 2038 2465 8484 1429 5465 5727 3530 5156 9163 6810 9528 985 8929 5803 71 4641 8873 3015 5356 6357 7379 1983 2608 3697 6818 9338 7345 5141 599 5218 2576 36 1363 131 4929 9166 9149 5811 2141 4391 6035 6548 4926 2991 5089 3002 9635 9415 8460 2023 6987 4970 720 5690 4988 5645 7946 5794 332 821 7837 791 6919 7704 7016 1865 4857 8178 6245 860 1069 8617 9285 7688 9818 5484 3060 8481 6364 3203 4094 8250 4583 7570 6646 2597 321 5661 7845 7114 1275 5832 1398 8370 8580 8526 7162 7282 2070 7074 8391 5113 687 1955 3549 2511 7815 7840 401 7139 9952 3602 2115 3068 8415 3471 2320 3883 8316 3717 6961 3313 596 9692 5244 156 9634 6517 1187 3064 9115 4116 8795 3478 845 5582 8600 3401 2438 2119 4888 574 6709 9653 5201 8355 7685 9957 43 5617 5492 603 846 5060 560 3386 8387 1173 4227 7203 2330 3194 6168 4761 7136 8549 7693 7569 3391 4859 5161 4430 4867 9114 1861 2158 3676 3982 8564 4319 2184 1287 388 4806 7138 1576 1443 3653 2898 2821 744 6297 616 915 1625 2853 2322 8859 1804 6740 5383 3531 2574 284 3367 5420 5289 5820 1689 2441 3517 4901 7388 9661 538 5571 489 4640 5508 6248 3250 7252 4523 7372 6274 7967 777 2300 3926 3547 1110 5840 7349 8971 9205 6257 9536 5889 1120 5483 1484 7820 5359 4014 4503 2394 9685 5128 3091 9905 2688 2212 4301 3851 7357 6185 8117 7522 3037 8519 6043 5685 8125 816 3690 9195 1355 2339 5575 9764 992 7975 9721 546 923 6367 8909 1964 3631 3643 7608 5986 4714 3222 3724 2049 1223 920 3305 4127 7027 3042 2808 9437 2851 7555 9865 7302 9459 2903 4419 889 3228 7197 6981 4041 4638 5361 4934 6722 785 8732 6332 8576 2968 3419 9807 3475 801 5432 1504 7928 6172 2848 6473 479 7671 7641 9597 4542 3583 2225 4903 7156 4883 2833 5880 3224 6372 3070 3339 7222 3562 2277 291 844 6744 1489 5925 7939 2721 7902 2296 369 8438 1982 584 7667 8322 1941 3652 8229 856 7701 9517 2951 3802 4208 3532 576 2 9679 2565 5159 2916 4334 727 9904 8966 4622 9274 7919 1016 4243 3142 4051 227 73 1190 5203 6273 1621 9665 1953 5297 2294 5042 3669 9926 1060 7193 347 7913 6864 6456 7026 6350 4846 2001 1065 3149 4228 695 6321 6980 1791 535 7692 1773 617 2705 2055 4367 4257 6516 6638 1998 570 9608 3026 5511 2889 1542 7518 2100 2248 3413 6546 6871 2131 1747 1520 1289 2215 1690 3458 3477 6755 1428 5063 3348 89 5952 9918 9767 1707 3666 2015 613 7465 7904 4875 9979 2625 3399 6559 2662 6094 2579 9240 8035 7724 8517 7415 3257 8294 5682 9965 9801 5229 7689 627 5534 1744 7277 7040 5243 5180 1566 710 6739 8917 629 6489 1794 8430 8139 4678 5367 5678 8290 2864 7855 7049 2986 3487 2917 381 6420 3953 8665 4278 8210 8593 3815 5111 2147 8476 7510 1659 3678 8165 5565 3096 1958 7798 2309 8196 3674 2534 319 2614 4074 8817 2384 8120 3409 7133 4688 6845 443 2935 9682 8286 3703 2171 8274 2367 3264 910 3682 9752 5881 4338 5133 8458 3695 619 5666 2738 1119 509 4008 8735 721 4384 3766 6333 6171 7897 3468 7273 3457 190 361 6545 4290 4147 8704 9297 4854 4169 4467 1305 5653 825 843 4718 6900 767 5734 2776 7137 9008 4928 3930 6731 6872 115 4518 8677 1235 9329 6087 5859 2003 10 2127 6010 7764 5824 6314 3827 9075 1877 7714 4611 2533 6528 8725 4483 2476 5872 1636 8061 9717 2572 1723 9553 6083 359 9391 69 6189 5765 8226 3769 4223 4882 1022 4113 3810 4703 4608 6988 6127 1987 2865 6564 8043 8186 182 2639 6859 8104 1479 1971 5389 9755 8622 7965 8409 469 5711 3284 7532 4130 4138 6272 4902 6485 9390 901 3683 5993 4532 3121 8969 1272 9890 8513 9249 3820 2012 9468 8803 7832 9855 3464 9179 3469 1145 8408 4715 3146 2678 1679 9373 6152 8112 4481 7041 4791 2581 8577 3753 6389 7369 2505 1247 9078 5990 7342 9759 8943 904 7890 6553 771 448 7199 503 5209 7797 5245 4673 9463 959 7717 7581 2027 1878 4582 7841 3355 8411 6853 338 7376 2761 8993 8605 6874 224 259 4295 1387 4167 3672 8808 8426 5673 3719 637 870 8292 4762 183 6026 8848 3153 9506 8763 1521 167 7665 3921 4465 8264 1317 8053 6569 3395 6959 9400 8733 2496 3700 4996 3138 2728 2603 7370 81 8895 8875 3649 6425 6835 9113 1255 8044 1482 7982 8913 7425 3510 6968 1767 197 7735 1997 2842 9074 2247 7766 8799 2956 4615 1278 9644 149 8789 7180 7660 5887 101 2887 222 4738 2517 7184 4386 8723 2253 7028 9034 9843 8049 6380 2546 9426 4697 9794 3733 7743 9443 3148 26 1474 1585 3208 3342 7128 2795 8490 1936 4782 5770 6418 9118 3818 3030 1832 5012 733 4053 3177 8788 1725 5282 2871 24 6477 7191 9276 9184 354 6221 1384 4236 3508 9331 8360 2074 7976 7420 5586 30 6565 7253 5429 1036 4428 8551 185 3670 2454 4745 6308 2153 4524 1300 6792 736 9849 5525 7950 694 2715 8217 3132 8824 7102 764 5263 6384 8071 6503 4561 585 8221 5395 5014 4381 9023 7076 642 4329 5949 274 6475 1038 3423 7050 1025 2915 9803 1965 8611 9763 2820 7872 1356 2726 8094 8765 8096 9789 6849 981 9928 5422 2482 8272 6948 5779 1705 2693 6373 5473 5850 4711 8246 9092 117 8143 1170 883 5038 9037 9822 4634 5421 7226 718 5692 1444 4364 9066 1352 9732 6370 842 3656 2005 7713 1673 5836 5068 9627 2452 4351 9992 9141 3086 5672 4836 7925 1061 6495 4495 8664 5413 3338 6455 4230 5202 2702 7220 463 9314 7051 4655 7070 9015 3722 635 1350 56 2937 8561 6663 8312 1256 3328 3728 2032 2071 370 7398 7742 4156 9706 2385 9802 6158 2326 3335 2736 5717 3954 626 9346 318 3641 6703 9097 6181 234 427 4756 6757 159 8915 303 9007 8287 3461 7839 3345 9043 3122 558 9570 9051 8405 5518 8404 2973 4044 3056 4089 7422 3033 7473 2556 6521 3489 2560 3829 3807 1631 8636 5788 2170 2341 8888 2474 882 2475 1811 5199 1766 3032 8983 9857 137 7513 7367 9389 7962 5516 3021 3034 4890 9999 157 7380 7988 3922 1244 7309 1873 8896 1377 7165 7799 2868 1196 9881 4424 5082 4345 2852 6866 1464 6514 3915 4802 8503 6714 6450 2949 8940 8505 9348 9385 6402 7516 3980 1570 528 2195 9125 2254 7087 4573 8784 2289 5896 9245 216 9190 9655 4387 8697 4200 3958 8683 5829 4239 1043 6571 3230 2777 5750 7343 7830 1534 5064 9664 9846 5808 525 3840 9648 8201 3622 3040 7853 2019 9261 636 72 4209 8008 270 1304 4600 5309 9470 8017 7072 3432 2365 5187 6371 8787 1195 3255 1822 6577 3646 3520 1261 1960 2967 7134 2599 7462 255 3756 2616 8482 4026 1390 4454 4052 4529 6934 7537 731 2879 7948 2708 7727 5601 428 8544 6596 4985 4952 1827 9705 6266 827 2840 5655 8474 5754 9457 6712 1059 9318 6170 1853 9542 3992 6440 7884 6977 6542 4935 285 2407 4684 8792 5860 6454 5448 8429 3498 2584 1843 9604 3213 2122 7171 6972 8554 5567 8919 2316 559 4642 3529 3787 5570 9374 6998 4930 1727 4172 3687 8423 2649 143 4865 765 1991 8453 1201 1938 1062 3993 7167 317 4086 6752 9442 8428 5085 797 1799 2571 4784 9036 2720 1165 822 7174 4126 328 8950 2111 6938 3593 7389 5786 2307 4827 3570 3966 5163 8521 6867 5697 1598 7213 6550 3712 1831 9071 399 7202 7597 5462 6059 671 7609 5793 4694 9395 8348 8960 7092 1563 5155 7109 5087 6623 9241 4205 6924 6562 4043 4785 230 2487 6540 8764 5433 3707 8772 8284 5929 7228 2318 357 6795 7464 4781 435 4981 6198 704 1058 2237 7794 9851 9091 247 2990 84 6711 1739 2488 1892 6069 7896 4182 1459 4443 8876 6070 7344 3238 9882 9799 7378 523 3479 4055 6781 7244 9365 2397 3295 1336 2690 8416 3446 7479 4541 7574 1242 7963 2684 1031 3119 7073 864 7265 8959 6184 1572 5633 9182 2290 1327 7702 2630 107 7539 6399 1430 6091 4940 4226 6227 9500 6793 5246 5589 1915 6511 7729 6282 6580 2280 2389 5876 5466 5865 2065 6813 92 2173 1623 9557 3067 6855 6683 5837 7631 1688 9281 8794 9306 5888 4142 6544 9830 1426 8901 1299 5437 9678 7553 2899 4783 5950 1554 5044 5585 7012 337 6228 8357 2310 3535 9502 6431 9811 305 8729 6280 2703 189 9430 2724 6296 4183 6742 9440 4287 543 6481 8689 6983 5279 1902 3080 703 8191 573 3093 3180 5583 5193 7951 1607 1553 729 6415 8497 2481 9427 2829 4596 1800 3318 8663 1850 2945 2414 1295 8009 5007 1224 2542 7813 5825 4594 9082 6076 7681 4047 5647 4284 5924 2126 44 3923 120 7067 8863 1667 7111 1698 323 597 1664 5242 2050 4277 5569 3715 1055 6885 1872 6877 2530 7270 6697 3462 9543 2433 3857 6572 3150 5154 3293 8208 113 9300 9658 148 4442 9691 8696 4006 8567 9016 1583 7208 5809 4298 3104 431 6676 5303 8001 1267 3333 2182 8146 2531 4743 6071 3052 3117 5731 8475 4740 517 6424 9466 3713 966 8013 8420 2199 9598 3466 5273 5259 5670 6608 3442 4011 6041 408 4769 4914 1216 3941 9845 1845 5815 4451 6289 4919 7530 3834 3211 214 8225 8543 7910 7969 7996 4968 2710 1962 6161 6368 4288 3094 3806 3057 7858 6036 592 5453 2084 8835 8220 1901 8183 7296 4 9039 6534 8435 8655 144 2146 628 4797 6754 5900 949 1085 1014 1001 3140 6906 5710 9718 3233 9556 9262 4572 5504 9143 4958 5612 2412 129 1662 1147 5751 8726 2150 1742 9196 2519 341 3291 3499 4547 7118 5878 3251 7825 8615 881 348 908 193 8407 5339 4067 8621 70 2402 5281 9301 371 8659 5086 7373 7234 6803 9286 4174 9333 6993 7995 9961 3875 9445 7096 9585 4300 5818 8889 2392 7877 1550 4509 9554 8902 7007 5376 8055 7816 8275 5792 5634 759 4911 1337 9139 2133 8899 1974 9703 7313 961 4317 2580 1551 1750 9893 6018 2610 3543 2217 7745 8073 8384 4965 7793 6589 9453 8964 3092 7880 8927 7754 4915 9737 4136 3134 9387 421 8534 7978 2233 919 8952 7912 5593 9690 3933 4811 2395 9028 5771 7849 3501 3705 7932 7876 9226 4038 4536 7295 4566 1968 4931 2647 2992 5327 9029 1338 7736 6772 4767 3924 9586 6622 8775 95 142 2360 3888 7773 4417 971 6570 3129 3181 2335 8812 7716 6688 4721 1418 6844 4204 3731 7177 3144 5121 9041 1375 5961 2420 2691 2240 515 4033 7047 8921 2762 3594 5134 262 5362 2428 6312 6234 191 4331 2629 3585 300 770 4376 4310 3216 4627 7947 8085 6390 8989 8076 5979 2085 4796 5140 2725 2628 6724 3324 1269 1404 6526 7485 9932 594 5741 946 1602 3836 8846 8166 4725 3948 4805 8019 9922 4129 9110 1875 8756 5317 2336 1160 3858 7101 6963 1125 8967 7560 9680 2876 9271 455 9471 7927 5616 5119 5703 5994 8086 1779 1706 4019 7019 8206 3204 6302 9633 787 1385 5190 7728 6387 225 3825 2252 5418 6045 3572 4372 2711 4812 5500 1540 1719 4135 1555 957 8452 8711 6305 1932 1746 6451 1257 6832 4326 8715 4457 557 8461 3425 9173 2677 8658 5291 5350 869 330 4150 5400 6322 2837 8362 2204 9720 8259 673 3452 1753 6250 9132 66 5886 7353 4955 794 6651 1522 1896 7846 1761 826 7364 2197 5495 1907 9544 5562 5146 8145 4825 9550 6868 5255 7870 1763 1760 3258 6419 7021 5324 6590 6417 4012 8084 9144 1131 8647 6426 6375 2455 313 3059 1730 1612 1075 674 5288 5379 1506 6095 8216 6343 5216 6500 8935 9870 2997 5482 8531 4347 8388 3447 2009 8219 9017 9588 7176 951 4350 6303 165 899 9232 8389 1467 8296 8403 4560 6693 6741 4891 7526 5047 1357 236 3107 9178 3108 7771 5131 3124 762 2902 7266 581 2704 8754 7973 5445 2562 7224 2845 6554 716 1469 8916 5057 2510 3410 7977 1735 7316 8797 1870 1028 3671 4122 5873 2683 4614 294 2995 6836 4184 5971 177 2775 2797 2271 8320 8717 64 6677 1446 5581 6337 1671 8857 8029 6811 5608 747 9474 395 6904 4581 3750 914 3229 8545 3610 4155 8681 119 58 9494 8942 9503 9622 5240 1225 4258 7809 763 5404 3534 4453 4998 5439 4256 7196 151 8054 1343 1889 7604 8687 9367 1584 7868 4585 8700 3366 9746 208 7703 3191 9872 3778 5222 2230 8750 9940 4840 922 9702 590 158 3115 8504 6879 8459 2869 1894 3940 4835 774 7529 4398 5299 9035 3598 6358 2832 4309 8945 8211 2549 7647 1946 9177 7287 7788 235 8928 3320 8021 3524 1406 5160 4863 735 3294 8269 2058 4286 3304 9547 1711 6281 2086 7325 3749 2113 5358 1127 587 4550 9067 1511 4526 6 4728 1296 5498 9138 6423 7077 8189 3173 1579 8701 9351 8231 3351 8618 5547 9145 7918 8024 7263 7763 5499 6293 7198 2882 3012 4187 5401 9469 4702 7838 3218 3371 3359 4303 3548 6656 4197 6233 7031 3978 2132 9751 8530 1082 2843 3660 229 3654 8014 8417 8181 3994 362 9601 5817 2350 4961 7354 5772 9828 7229 3914 6210 9280 4488 7914 9949 5368 3837 3008 1743 2321 9448 1774 8897 8734 2905 9985 7063 977 4125 5519 5875 4816 9158 2679 326 9242 723 6935 8568 2232 9152 3424 6794 693 3934 5630 2091 4533 4778 6718 1348 9354 8141 1116 1769 631 322 4698 2207 5070 9291 9320 9895 8753 5391 9511 5459 8107 615 2637 3397 7829 9293 8782 8302 5764 8668 8179 6552 394 1318 6344 3106 298 6124 8936 4064 3087 5627 7439 2655 4821 3729 6800 2701 9810 6783 7661 5457 2461 3244 9030 9750 9559 888 2806 288 2881 6395 7406 5509 7338 2529 9739 802 2964 6999 2011 3214 1985 8339 7633 5781 3800 1565 8985 4709 3957 397 5188 3358 3212 1122 2513 1334 2471 5447 8471 5385 4704 1371 7311 4439 5637 5958 7130 1246 9730 7536 1381 6575 2624 8769 2478 3996 4558 4186 7348 8747 6005 7750 5211 742 7572 6502 2752 7207 8315 8317 5884 5272 3235 7822 6903 911 7306 192 5720 3074 7583 3651 9343 8007 9673 7955 2934 5366 745 6716 6253 1666 1639 3415 8906 9355 9061 32 1241 7941 9948 5535 6128 3709 6875 2772 5687 360 5306 1676 1202 4604 3156 3502 4148 5540 1708 9454 6913 938 858 4819 9901 8047 3782 462 3745 5618 3227 380 7491 4445 1854 8780 7355 1325 773 5914 5331 7281 5028 7375 9699 6113 2039 5905 8693 6195 1434 662 5340 4800 2103 9336 2989 6040 4885 1573 6216 9748 6956 4261 3241 5149 7326 6050 1695 7653 8031 625 3775 1071 7930 3405 4824 6298 9675 835 5935 661 5158 9912 49 2356 7150 8119 4786 6386 1193 2773 7772 3831 9740 487 7414 436 2748 768 1874 5791 7459 6735 4475 3467 2286 5260 9407 60 3793 4850 8629 7682 512 5005 3414 7359 9279 4758 9278 3400 8743 8908 2102 3878 8548 7538 8127 5943 9630 1923 1681 743 9614 3526 1945 7650 5489 5073 3071 4460 2619 1382 9070 9806 699 4820 9112 5745 6354 5753 8721 1362 4752 3496 8343 8395 2860 4353 2376 9180 8400 9172 6229 4119 3078 7630 4259 2640 9996 4832 9296 3128 6745 7601 2687 3343 6901 9573 3428 8843 5566 8068 1162 7762 5392 4143 1466 4307 4648 3309 2733 3340 2137 1913 2460 7669 4966 1642 1021 9465 8470 3901 3720 2594 8991 3981 6778 6205 8172 4237 2047 9396 1648 3299 3332 2451 1251 3 3131 68 7104 6313 8248 22 9326 4171 6897 90 1670 1919 9977 7461 7738 854 8707 6949 3624 1121 7509 4744 501 5228 9429 6092 4555 4899 3396 8815 1935 6625 6194 5541 2358 1701 4332 9647 5008 3440 7350 8518 5639 783 1164 4565 1319 6211 6317 9719 4101 9873 2593 3278 9089 2140 5315 6383 8978 3490 6527 2819 3577 9695 677 5846 7905 8742 2042 5724 8951 7961 4590 2298 1399 1517 7698 793 3869 1937 7826 9147 4732 2406 2592 327 6850 8128 2548 55 956 4121 7339 6411 42 8111 6422 8586 1219 4039 9583 8698 9319 9134 4194 887 4649 3581 6779 1209 4953 5204 5932 9270 5405 3200 7061 3545 6361 6990 1792 3283 4444 6682 7255 7706 5181 8751 5934 2830 8300 3864 9937 6328 984 350 6644 9885 2500 3010 1194 9328 7157 4276 4681 809 9111 6701 9566 8448 6805 932 7533 7251 1186 4472 1692 4320 851 9897 3225 3984 4670 2805 9677 3928 9102 8467 7105 9375 5642 8614 6649 4898 8925 9973 217 4416 106 8773 4864 2943 2239 3772 6097 7069 520 3450 5804 555 8805 5649 1731 3609 9884 4250 3259 437 1222 2411 516 2856 2747 2800 2789 1969 5381 9003 9304 5705 8527 127 5066 2291 1227 3456 7580 1314 7823 3322 8868 9935 5701 9287 2220 9497 37 3276 2362 3243 8363 9975 1549 3286 6539 3296 811 3791 5095 4217 5442 6125 4343 4262 4188 2423 40 6931 6936 993 6555 2732 861 6215 5233 5843 2117 7723 4004 4040 3556 6887 2823 9858 2361 5460 6267 3688 3601 9131 7227 6692 3158 6951 2331 4361 6391 2279 5041 688 5461 8986 4829 7746 9436 8783 8205 5157 7232 7981 1677 3965 927 6520 990 8027